{
 "cells": [
  {
   "cell_type": "code",
   "execution_count": 13,
   "metadata": {},
   "outputs": [],
   "source": [
    "import warnings\n",
    "warnings.filterwarnings('ignore')\n",
    "import numpy as np\n",
    "import pandas as pd\n",
    "import talib\n",
    "from sklearn.preprocessing import scale, MinMaxScaler\n",
    "from sklearn.model_selection import train_test_split, TimeSeriesSplit\n",
    "from sklearn.metrics import mean_squared_error\n",
    "\n",
    "from xgboost import XGBClassifier, XGBRegressor\n",
    "from lightgbm import LGBMClassifier\n",
    "\n",
    "import plotly.graph_objects as go\n",
    "import plotly.express as px\n",
    "\n",
    "from joblib import Parallel, delayed\n",
    "\n",
    "import itertools\n",
    "scaler = MinMaxScaler(feature_range=(1,2))"
   ]
  },
  {
   "cell_type": "markdown",
   "metadata": {},
   "source": [
    "<h1>Read the data into a pandas dataframe</h1>\n",
    "<h2>Convert the Date column to a datetime format</h2>\n",
    "<h2>Set the Date as the index and convert entire dataframe to a datatype of float</h2>"
   ]
  },
  {
   "cell_type": "code",
   "execution_count": 2,
   "metadata": {},
   "outputs": [
    {
     "data": {
      "text/html": [
       "<div>\n",
       "<style scoped>\n",
       "    .dataframe tbody tr th:only-of-type {\n",
       "        vertical-align: middle;\n",
       "    }\n",
       "\n",
       "    .dataframe tbody tr th {\n",
       "        vertical-align: top;\n",
       "    }\n",
       "\n",
       "    .dataframe thead th {\n",
       "        text-align: right;\n",
       "    }\n",
       "</style>\n",
       "<table border=\"1\" class=\"dataframe\">\n",
       "  <thead>\n",
       "    <tr style=\"text-align: right;\">\n",
       "      <th></th>\n",
       "      <th>open</th>\n",
       "      <th>high</th>\n",
       "      <th>low</th>\n",
       "      <th>close</th>\n",
       "      <th>volume</th>\n",
       "    </tr>\n",
       "    <tr>\n",
       "      <th>Date</th>\n",
       "      <th></th>\n",
       "      <th></th>\n",
       "      <th></th>\n",
       "      <th></th>\n",
       "      <th></th>\n",
       "    </tr>\n",
       "  </thead>\n",
       "  <tbody>\n",
       "    <tr>\n",
       "      <th>1999-03-12</th>\n",
       "      <td>131.000000</td>\n",
       "      <td>131.029999</td>\n",
       "      <td>129.220001</td>\n",
       "      <td>129.380005</td>\n",
       "      <td>5286500.0</td>\n",
       "    </tr>\n",
       "    <tr>\n",
       "      <th>1999-03-15</th>\n",
       "      <td>129.940002</td>\n",
       "      <td>131.250000</td>\n",
       "      <td>129.500000</td>\n",
       "      <td>131.220001</td>\n",
       "      <td>5394400.0</td>\n",
       "    </tr>\n",
       "    <tr>\n",
       "      <th>1999-03-16</th>\n",
       "      <td>131.130005</td>\n",
       "      <td>131.660004</td>\n",
       "      <td>130.470001</td>\n",
       "      <td>130.720001</td>\n",
       "      <td>4547500.0</td>\n",
       "    </tr>\n",
       "    <tr>\n",
       "      <th>1999-03-17</th>\n",
       "      <td>130.690002</td>\n",
       "      <td>130.940002</td>\n",
       "      <td>129.630005</td>\n",
       "      <td>130.160004</td>\n",
       "      <td>4524100.0</td>\n",
       "    </tr>\n",
       "    <tr>\n",
       "      <th>1999-03-18</th>\n",
       "      <td>129.779999</td>\n",
       "      <td>132.380005</td>\n",
       "      <td>129.750000</td>\n",
       "      <td>132.250000</td>\n",
       "      <td>3506300.0</td>\n",
       "    </tr>\n",
       "    <tr>\n",
       "      <th>...</th>\n",
       "      <td>...</td>\n",
       "      <td>...</td>\n",
       "      <td>...</td>\n",
       "      <td>...</td>\n",
       "      <td>...</td>\n",
       "    </tr>\n",
       "    <tr>\n",
       "      <th>2023-09-18</th>\n",
       "      <td>443.049988</td>\n",
       "      <td>444.970001</td>\n",
       "      <td>442.559998</td>\n",
       "      <td>443.630005</td>\n",
       "      <td>55752212.0</td>\n",
       "    </tr>\n",
       "    <tr>\n",
       "      <th>2023-09-19</th>\n",
       "      <td>442.679993</td>\n",
       "      <td>443.290009</td>\n",
       "      <td>439.940002</td>\n",
       "      <td>442.709991</td>\n",
       "      <td>66514648.0</td>\n",
       "    </tr>\n",
       "    <tr>\n",
       "      <th>2023-09-20</th>\n",
       "      <td>444.010010</td>\n",
       "      <td>444.434998</td>\n",
       "      <td>438.429993</td>\n",
       "      <td>438.640015</td>\n",
       "      <td>82472600.0</td>\n",
       "    </tr>\n",
       "    <tr>\n",
       "      <th>2023-09-21</th>\n",
       "      <td>435.700012</td>\n",
       "      <td>435.970001</td>\n",
       "      <td>431.230011</td>\n",
       "      <td>431.570007</td>\n",
       "      <td>95518408.0</td>\n",
       "    </tr>\n",
       "    <tr>\n",
       "      <th>2023-09-22</th>\n",
       "      <td>432.450012</td>\n",
       "      <td>434.100006</td>\n",
       "      <td>431.670013</td>\n",
       "      <td>433.250000</td>\n",
       "      <td>33960172.0</td>\n",
       "    </tr>\n",
       "  </tbody>\n",
       "</table>\n",
       "<p>6174 rows × 5 columns</p>\n",
       "</div>"
      ],
      "text/plain": [
       "                  open        high         low       close      volume\n",
       "Date                                                                  \n",
       "1999-03-12  131.000000  131.029999  129.220001  129.380005   5286500.0\n",
       "1999-03-15  129.940002  131.250000  129.500000  131.220001   5394400.0\n",
       "1999-03-16  131.130005  131.660004  130.470001  130.720001   4547500.0\n",
       "1999-03-17  130.690002  130.940002  129.630005  130.160004   4524100.0\n",
       "1999-03-18  129.779999  132.380005  129.750000  132.250000   3506300.0\n",
       "...                ...         ...         ...         ...         ...\n",
       "2023-09-18  443.049988  444.970001  442.559998  443.630005  55752212.0\n",
       "2023-09-19  442.679993  443.290009  439.940002  442.709991  66514648.0\n",
       "2023-09-20  444.010010  444.434998  438.429993  438.640015  82472600.0\n",
       "2023-09-21  435.700012  435.970001  431.230011  431.570007  95518408.0\n",
       "2023-09-22  432.450012  434.100006  431.670013  433.250000  33960172.0\n",
       "\n",
       "[6174 rows x 5 columns]"
      ]
     },
     "execution_count": 2,
     "metadata": {},
     "output_type": "execute_result"
    }
   ],
   "source": [
    "df = pd.read_csv('SPY.csv')\n",
    "df['Date'] = df['Date'].astype('datetime64[ns]')\n",
    "df = df.set_index('Date')\n",
    "df = df.astype('float32')\n",
    "df"
   ]
  },
  {
   "cell_type": "markdown",
   "metadata": {},
   "source": [
    "<h2>Create the target variable which will be 1 Day Returns shifted backwards in time </h2>"
   ]
  },
  {
   "cell_type": "code",
   "execution_count": 3,
   "metadata": {},
   "outputs": [
    {
     "data": {
      "text/html": [
       "<div>\n",
       "<style scoped>\n",
       "    .dataframe tbody tr th:only-of-type {\n",
       "        vertical-align: middle;\n",
       "    }\n",
       "\n",
       "    .dataframe tbody tr th {\n",
       "        vertical-align: top;\n",
       "    }\n",
       "\n",
       "    .dataframe thead th {\n",
       "        text-align: right;\n",
       "    }\n",
       "</style>\n",
       "<table border=\"1\" class=\"dataframe\">\n",
       "  <thead>\n",
       "    <tr style=\"text-align: right;\">\n",
       "      <th></th>\n",
       "      <th>open</th>\n",
       "      <th>high</th>\n",
       "      <th>low</th>\n",
       "      <th>close</th>\n",
       "      <th>volume</th>\n",
       "      <th>RET 1</th>\n",
       "      <th>target</th>\n",
       "    </tr>\n",
       "    <tr>\n",
       "      <th>Date</th>\n",
       "      <th></th>\n",
       "      <th></th>\n",
       "      <th></th>\n",
       "      <th></th>\n",
       "      <th></th>\n",
       "      <th></th>\n",
       "      <th></th>\n",
       "    </tr>\n",
       "  </thead>\n",
       "  <tbody>\n",
       "    <tr>\n",
       "      <th>1999-03-15</th>\n",
       "      <td>129.940002</td>\n",
       "      <td>131.250000</td>\n",
       "      <td>129.500000</td>\n",
       "      <td>131.220001</td>\n",
       "      <td>5394400.0</td>\n",
       "      <td>0.014222</td>\n",
       "      <td>-0.003810</td>\n",
       "    </tr>\n",
       "    <tr>\n",
       "      <th>1999-03-16</th>\n",
       "      <td>131.130005</td>\n",
       "      <td>131.660004</td>\n",
       "      <td>130.470001</td>\n",
       "      <td>130.720001</td>\n",
       "      <td>4547500.0</td>\n",
       "      <td>-0.003810</td>\n",
       "      <td>-0.004284</td>\n",
       "    </tr>\n",
       "    <tr>\n",
       "      <th>1999-03-17</th>\n",
       "      <td>130.690002</td>\n",
       "      <td>130.940002</td>\n",
       "      <td>129.630005</td>\n",
       "      <td>130.160004</td>\n",
       "      <td>4524100.0</td>\n",
       "      <td>-0.004284</td>\n",
       "      <td>0.016057</td>\n",
       "    </tr>\n",
       "    <tr>\n",
       "      <th>1999-03-18</th>\n",
       "      <td>129.779999</td>\n",
       "      <td>132.380005</td>\n",
       "      <td>129.750000</td>\n",
       "      <td>132.250000</td>\n",
       "      <td>3506300.0</td>\n",
       "      <td>0.016057</td>\n",
       "      <td>-0.019357</td>\n",
       "    </tr>\n",
       "    <tr>\n",
       "      <th>1999-03-19</th>\n",
       "      <td>132.309998</td>\n",
       "      <td>132.630005</td>\n",
       "      <td>129.690002</td>\n",
       "      <td>129.690002</td>\n",
       "      <td>5526700.0</td>\n",
       "      <td>-0.019357</td>\n",
       "      <td>0.001928</td>\n",
       "    </tr>\n",
       "    <tr>\n",
       "      <th>...</th>\n",
       "      <td>...</td>\n",
       "      <td>...</td>\n",
       "      <td>...</td>\n",
       "      <td>...</td>\n",
       "      <td>...</td>\n",
       "      <td>...</td>\n",
       "      <td>...</td>\n",
       "    </tr>\n",
       "    <tr>\n",
       "      <th>2023-09-15</th>\n",
       "      <td>447.140015</td>\n",
       "      <td>447.480011</td>\n",
       "      <td>442.920013</td>\n",
       "      <td>443.369995</td>\n",
       "      <td>111798736.0</td>\n",
       "      <td>-0.015521</td>\n",
       "      <td>0.000586</td>\n",
       "    </tr>\n",
       "    <tr>\n",
       "      <th>2023-09-18</th>\n",
       "      <td>443.049988</td>\n",
       "      <td>444.970001</td>\n",
       "      <td>442.559998</td>\n",
       "      <td>443.630005</td>\n",
       "      <td>55752212.0</td>\n",
       "      <td>0.000586</td>\n",
       "      <td>-0.002074</td>\n",
       "    </tr>\n",
       "    <tr>\n",
       "      <th>2023-09-19</th>\n",
       "      <td>442.679993</td>\n",
       "      <td>443.290009</td>\n",
       "      <td>439.940002</td>\n",
       "      <td>442.709991</td>\n",
       "      <td>66514648.0</td>\n",
       "      <td>-0.002074</td>\n",
       "      <td>-0.009193</td>\n",
       "    </tr>\n",
       "    <tr>\n",
       "      <th>2023-09-20</th>\n",
       "      <td>444.010010</td>\n",
       "      <td>444.434998</td>\n",
       "      <td>438.429993</td>\n",
       "      <td>438.640015</td>\n",
       "      <td>82472600.0</td>\n",
       "      <td>-0.009193</td>\n",
       "      <td>-0.016118</td>\n",
       "    </tr>\n",
       "    <tr>\n",
       "      <th>2023-09-21</th>\n",
       "      <td>435.700012</td>\n",
       "      <td>435.970001</td>\n",
       "      <td>431.230011</td>\n",
       "      <td>431.570007</td>\n",
       "      <td>95518408.0</td>\n",
       "      <td>-0.016118</td>\n",
       "      <td>0.003893</td>\n",
       "    </tr>\n",
       "  </tbody>\n",
       "</table>\n",
       "<p>6172 rows × 7 columns</p>\n",
       "</div>"
      ],
      "text/plain": [
       "                  open        high         low       close       volume  \\\n",
       "Date                                                                      \n",
       "1999-03-15  129.940002  131.250000  129.500000  131.220001    5394400.0   \n",
       "1999-03-16  131.130005  131.660004  130.470001  130.720001    4547500.0   \n",
       "1999-03-17  130.690002  130.940002  129.630005  130.160004    4524100.0   \n",
       "1999-03-18  129.779999  132.380005  129.750000  132.250000    3506300.0   \n",
       "1999-03-19  132.309998  132.630005  129.690002  129.690002    5526700.0   \n",
       "...                ...         ...         ...         ...          ...   \n",
       "2023-09-15  447.140015  447.480011  442.920013  443.369995  111798736.0   \n",
       "2023-09-18  443.049988  444.970001  442.559998  443.630005   55752212.0   \n",
       "2023-09-19  442.679993  443.290009  439.940002  442.709991   66514648.0   \n",
       "2023-09-20  444.010010  444.434998  438.429993  438.640015   82472600.0   \n",
       "2023-09-21  435.700012  435.970001  431.230011  431.570007   95518408.0   \n",
       "\n",
       "               RET 1    target  \n",
       "Date                            \n",
       "1999-03-15  0.014222 -0.003810  \n",
       "1999-03-16 -0.003810 -0.004284  \n",
       "1999-03-17 -0.004284  0.016057  \n",
       "1999-03-18  0.016057 -0.019357  \n",
       "1999-03-19 -0.019357  0.001928  \n",
       "...              ...       ...  \n",
       "2023-09-15 -0.015521  0.000586  \n",
       "2023-09-18  0.000586 -0.002074  \n",
       "2023-09-19 -0.002074 -0.009193  \n",
       "2023-09-20 -0.009193 -0.016118  \n",
       "2023-09-21 -0.016118  0.003893  \n",
       "\n",
       "[6172 rows x 7 columns]"
      ]
     },
     "execution_count": 3,
     "metadata": {},
     "output_type": "execute_result"
    }
   ],
   "source": [
    "df['RET 1'] = df['close'].pct_change(1)\n",
    "df['target'] = df['RET 1'].shift(-1)\n",
    "df = df.dropna()\n",
    "df"
   ]
  },
  {
   "cell_type": "markdown",
   "metadata": {},
   "source": [
    "<h2>Feature Engineering. This too market knowledge I have obtained over the years </h2>"
   ]
  },
  {
   "cell_type": "code",
   "execution_count": 4,
   "metadata": {},
   "outputs": [],
   "source": [
    "###Creating new features for prediciton\n",
    "for i in range(2, 10):\n",
    "    df[f'RET_{i}'] = df['close'].pct_change(i)\n",
    "\n",
    "df['VOL 1'] = df['volume'].pct_change(1)\n",
    "df['sma_10'] = talib.SMA(df['close'], 10)\n",
    "df['sma_21'] = talib.SMA(df['close'], 21)\n",
    "df['sma_50'] = talib.SMA(df['close'], 50)\n",
    "df['sma_200'] = talib.SMA(df['close'], 200)\n",
    "\n",
    "df['RSI 13'] = talib.RSI(df['close'], 13)\n",
    "df['RSI 21'] = talib.RSI(df['close'],21)\n",
    "\n",
    "df['RSI_Spread']  = (df['RSI 13'] - df['RSI 21']) / df['RSI 21']"
   ]
  },
  {
   "cell_type": "markdown",
   "metadata": {},
   "source": [
    "<h2>Create a new Dataframe for a Correlation Analysis </h2>"
   ]
  },
  {
   "cell_type": "code",
   "execution_count": 9,
   "metadata": {},
   "outputs": [],
   "source": [
    "column_strings = df.columns.drop(['open', 'high', 'low', 'close', 'volume'])\n",
    "corr_df = df[\n",
    "    column_strings\n",
    "]\n",
    "corr = corr_df.corr(method='spearman')\n",
    "corr = corr.round(4)"
   ]
  },
  {
   "cell_type": "markdown",
   "metadata": {},
   "source": [
    "<h2> Plot the correlation Matrix using plotly </h2>"
   ]
  },
  {
   "cell_type": "code",
   "execution_count": 11,
   "metadata": {},
   "outputs": [
    {
     "data": {
      "application/vnd.plotly.v1+json": {
       "config": {
        "plotlyServerURL": "https://plot.ly"
       },
       "data": [
        {
         "text": [
          [
           1,
           -0.0375,
           0.6467,
           0.5141,
           0.4397,
           0.3852,
           0.344,
           0.3157,
           0.2889,
           0.2721,
           -0.2084,
           0.0036,
           0.0029,
           0.0032,
           0.0028,
           0.3135,
           0.2471,
           0.4061
          ],
          [
           -0.0375,
           1,
           -0.0411,
           -0.0418,
           -0.0426,
           -0.0457,
           -0.0502,
           -0.0537,
           -0.0521,
           -0.0435,
           0.0218,
           0.0011,
           0.0016,
           0.0027,
           0.0028,
           -0.0523,
           -0.0473,
           -0.0434
          ],
          [
           0.6467,
           -0.0411,
           1,
           0.7812,
           0.6621,
           0.577,
           0.5196,
           0.4711,
           0.435,
           0.406,
           -0.1779,
           0.0102,
           0.0086,
           0.0098,
           0.0104,
           0.4414,
           0.3492,
           0.5682
          ],
          [
           0.5141,
           -0.0418,
           0.7812,
           1,
           0.8317,
           0.7203,
           0.6427,
           0.5901,
           0.542,
           0.5064,
           -0.1236,
           0.0083,
           0.0055,
           0.0067,
           0.0071,
           0.5231,
           0.4178,
           0.6628
          ],
          [
           0.4397,
           -0.0426,
           0.6621,
           0.8317,
           1,
           0.8596,
           0.7646,
           0.6983,
           0.6419,
           0.5968,
           -0.0955,
           0.0187,
           0.0134,
           0.0135,
           0.0128,
           0.5917,
           0.4804,
           0.7269
          ],
          [
           0.3852,
           -0.0457,
           0.577,
           0.7203,
           0.8596,
           1,
           0.8816,
           0.7985,
           0.735,
           0.6828,
           -0.0717,
           0.0239,
           0.0161,
           0.0153,
           0.0146,
           0.6437,
           0.5291,
           0.7711
          ],
          [
           0.344,
           -0.0502,
           0.5196,
           0.6427,
           0.7646,
           0.8816,
           1,
           0.8944,
           0.8203,
           0.7604,
           -0.0622,
           0.0263,
           0.0161,
           0.0142,
           0.0133,
           0.6817,
           0.5675,
           0.799
          ],
          [
           0.3157,
           -0.0537,
           0.4711,
           0.5901,
           0.6983,
           0.7985,
           0.8944,
           1,
           0.9044,
           0.8325,
           -0.0546,
           0.0319,
           0.0188,
           0.0157,
           0.0144,
           0.7131,
           0.6017,
           0.8141
          ],
          [
           0.2889,
           -0.0521,
           0.435,
           0.542,
           0.6419,
           0.735,
           0.8203,
           0.9044,
           1,
           0.9114,
           -0.0421,
           0.0385,
           0.0223,
           0.018,
           0.0169,
           0.7392,
           0.6313,
           0.8218
          ],
          [
           0.2721,
           -0.0435,
           0.406,
           0.5064,
           0.5968,
           0.6828,
           0.7604,
           0.8325,
           0.9114,
           1,
           -0.0369,
           0.044,
           0.0245,
           0.0189,
           0.0178,
           0.7592,
           0.6564,
           0.8213
          ],
          [
           -0.2084,
           0.0218,
           -0.1779,
           -0.1236,
           -0.0955,
           -0.0717,
           -0.0622,
           -0.0546,
           -0.0421,
           -0.0369,
           1,
           -0.0013,
           -0.002,
           -0.0031,
           -0.0028,
           -0.0533,
           -0.0386,
           -0.0786
          ],
          [
           0.0036,
           0.0011,
           0.0102,
           0.0083,
           0.0187,
           0.0239,
           0.0263,
           0.0319,
           0.0385,
           0.044,
           -0.0013,
           1,
           0.999,
           0.995,
           0.9748,
           0.1418,
           0.1797,
           0.0015
          ],
          [
           0.0029,
           0.0016,
           0.0086,
           0.0055,
           0.0134,
           0.0161,
           0.0161,
           0.0188,
           0.0223,
           0.0245,
           -0.002,
           0.999,
           1,
           0.9972,
           0.9776,
           0.1164,
           0.1544,
           -0.0175
          ],
          [
           0.0032,
           0.0027,
           0.0098,
           0.0067,
           0.0135,
           0.0153,
           0.0142,
           0.0157,
           0.018,
           0.0189,
           -0.0031,
           0.995,
           0.9972,
           1,
           0.9842,
           0.0863,
           0.1158,
           -0.0163
          ],
          [
           0.0028,
           0.0028,
           0.0104,
           0.0071,
           0.0128,
           0.0146,
           0.0133,
           0.0144,
           0.0169,
           0.0178,
           -0.0028,
           0.9748,
           0.9776,
           0.9842,
           1,
           0.0556,
           0.0658,
           0.0115
          ],
          [
           0.3135,
           -0.0523,
           0.4414,
           0.5231,
           0.5917,
           0.6437,
           0.6817,
           0.7131,
           0.7392,
           0.7592,
           -0.0533,
           0.1418,
           0.1164,
           0.0863,
           0.0556,
           1,
           0.9701,
           0.7829
          ],
          [
           0.2471,
           -0.0473,
           0.3492,
           0.4178,
           0.4804,
           0.5291,
           0.5675,
           0.6017,
           0.6313,
           0.6564,
           -0.0386,
           0.1797,
           0.1544,
           0.1158,
           0.0658,
           0.9701,
           1,
           0.6169
          ],
          [
           0.4061,
           -0.0434,
           0.5682,
           0.6628,
           0.7269,
           0.7711,
           0.799,
           0.8141,
           0.8218,
           0.8213,
           -0.0786,
           0.0015,
           -0.0175,
           -0.0163,
           0.0115,
           0.7829,
           0.6169,
           1
          ]
         ],
         "textfont": {
          "size": 8
         },
         "texttemplate": "%{text}",
         "type": "heatmap",
         "x": [
          "RET 1",
          "target",
          "RET_2",
          "RET_3",
          "RET_4",
          "RET_5",
          "RET_6",
          "RET_7",
          "RET_8",
          "RET_9",
          "VOL 1",
          "sma_10",
          "sma_21",
          "sma_50",
          "sma_200",
          "RSI 13",
          "RSI 21",
          "RSI_Spread"
         ],
         "y": [
          "RET 1",
          "target",
          "RET_2",
          "RET_3",
          "RET_4",
          "RET_5",
          "RET_6",
          "RET_7",
          "RET_8",
          "RET_9",
          "VOL 1",
          "sma_10",
          "sma_21",
          "sma_50",
          "sma_200",
          "RSI 13",
          "RSI 21",
          "RSI_Spread"
         ],
         "z": [
          [
           1,
           -0.0375,
           0.6467,
           0.5141,
           0.4397,
           0.3852,
           0.344,
           0.3157,
           0.2889,
           0.2721,
           -0.2084,
           0.0036,
           0.0029,
           0.0032,
           0.0028,
           0.3135,
           0.2471,
           0.4061
          ],
          [
           -0.0375,
           1,
           -0.0411,
           -0.0418,
           -0.0426,
           -0.0457,
           -0.0502,
           -0.0537,
           -0.0521,
           -0.0435,
           0.0218,
           0.0011,
           0.0016,
           0.0027,
           0.0028,
           -0.0523,
           -0.0473,
           -0.0434
          ],
          [
           0.6467,
           -0.0411,
           1,
           0.7812,
           0.6621,
           0.577,
           0.5196,
           0.4711,
           0.435,
           0.406,
           -0.1779,
           0.0102,
           0.0086,
           0.0098,
           0.0104,
           0.4414,
           0.3492,
           0.5682
          ],
          [
           0.5141,
           -0.0418,
           0.7812,
           1,
           0.8317,
           0.7203,
           0.6427,
           0.5901,
           0.542,
           0.5064,
           -0.1236,
           0.0083,
           0.0055,
           0.0067,
           0.0071,
           0.5231,
           0.4178,
           0.6628
          ],
          [
           0.4397,
           -0.0426,
           0.6621,
           0.8317,
           1,
           0.8596,
           0.7646,
           0.6983,
           0.6419,
           0.5968,
           -0.0955,
           0.0187,
           0.0134,
           0.0135,
           0.0128,
           0.5917,
           0.4804,
           0.7269
          ],
          [
           0.3852,
           -0.0457,
           0.577,
           0.7203,
           0.8596,
           1,
           0.8816,
           0.7985,
           0.735,
           0.6828,
           -0.0717,
           0.0239,
           0.0161,
           0.0153,
           0.0146,
           0.6437,
           0.5291,
           0.7711
          ],
          [
           0.344,
           -0.0502,
           0.5196,
           0.6427,
           0.7646,
           0.8816,
           1,
           0.8944,
           0.8203,
           0.7604,
           -0.0622,
           0.0263,
           0.0161,
           0.0142,
           0.0133,
           0.6817,
           0.5675,
           0.799
          ],
          [
           0.3157,
           -0.0537,
           0.4711,
           0.5901,
           0.6983,
           0.7985,
           0.8944,
           1,
           0.9044,
           0.8325,
           -0.0546,
           0.0319,
           0.0188,
           0.0157,
           0.0144,
           0.7131,
           0.6017,
           0.8141
          ],
          [
           0.2889,
           -0.0521,
           0.435,
           0.542,
           0.6419,
           0.735,
           0.8203,
           0.9044,
           1,
           0.9114,
           -0.0421,
           0.0385,
           0.0223,
           0.018,
           0.0169,
           0.7392,
           0.6313,
           0.8218
          ],
          [
           0.2721,
           -0.0435,
           0.406,
           0.5064,
           0.5968,
           0.6828,
           0.7604,
           0.8325,
           0.9114,
           1,
           -0.0369,
           0.044,
           0.0245,
           0.0189,
           0.0178,
           0.7592,
           0.6564,
           0.8213
          ],
          [
           -0.2084,
           0.0218,
           -0.1779,
           -0.1236,
           -0.0955,
           -0.0717,
           -0.0622,
           -0.0546,
           -0.0421,
           -0.0369,
           1,
           -0.0013,
           -0.002,
           -0.0031,
           -0.0028,
           -0.0533,
           -0.0386,
           -0.0786
          ],
          [
           0.0036,
           0.0011,
           0.0102,
           0.0083,
           0.0187,
           0.0239,
           0.0263,
           0.0319,
           0.0385,
           0.044,
           -0.0013,
           1,
           0.999,
           0.995,
           0.9748,
           0.1418,
           0.1797,
           0.0015
          ],
          [
           0.0029,
           0.0016,
           0.0086,
           0.0055,
           0.0134,
           0.0161,
           0.0161,
           0.0188,
           0.0223,
           0.0245,
           -0.002,
           0.999,
           1,
           0.9972,
           0.9776,
           0.1164,
           0.1544,
           -0.0175
          ],
          [
           0.0032,
           0.0027,
           0.0098,
           0.0067,
           0.0135,
           0.0153,
           0.0142,
           0.0157,
           0.018,
           0.0189,
           -0.0031,
           0.995,
           0.9972,
           1,
           0.9842,
           0.0863,
           0.1158,
           -0.0163
          ],
          [
           0.0028,
           0.0028,
           0.0104,
           0.0071,
           0.0128,
           0.0146,
           0.0133,
           0.0144,
           0.0169,
           0.0178,
           -0.0028,
           0.9748,
           0.9776,
           0.9842,
           1,
           0.0556,
           0.0658,
           0.0115
          ],
          [
           0.3135,
           -0.0523,
           0.4414,
           0.5231,
           0.5917,
           0.6437,
           0.6817,
           0.7131,
           0.7392,
           0.7592,
           -0.0533,
           0.1418,
           0.1164,
           0.0863,
           0.0556,
           1,
           0.9701,
           0.7829
          ],
          [
           0.2471,
           -0.0473,
           0.3492,
           0.4178,
           0.4804,
           0.5291,
           0.5675,
           0.6017,
           0.6313,
           0.6564,
           -0.0386,
           0.1797,
           0.1544,
           0.1158,
           0.0658,
           0.9701,
           1,
           0.6169
          ],
          [
           0.4061,
           -0.0434,
           0.5682,
           0.6628,
           0.7269,
           0.7711,
           0.799,
           0.8141,
           0.8218,
           0.8213,
           -0.0786,
           0.0015,
           -0.0175,
           -0.0163,
           0.0115,
           0.7829,
           0.6169,
           1
          ]
         ]
        }
       ],
       "layout": {
        "height": 1000,
        "template": {
         "data": {
          "bar": [
           {
            "error_x": {
             "color": "#f2f5fa"
            },
            "error_y": {
             "color": "#f2f5fa"
            },
            "marker": {
             "line": {
              "color": "rgb(17,17,17)",
              "width": 0.5
             },
             "pattern": {
              "fillmode": "overlay",
              "size": 10,
              "solidity": 0.2
             }
            },
            "type": "bar"
           }
          ],
          "barpolar": [
           {
            "marker": {
             "line": {
              "color": "rgb(17,17,17)",
              "width": 0.5
             },
             "pattern": {
              "fillmode": "overlay",
              "size": 10,
              "solidity": 0.2
             }
            },
            "type": "barpolar"
           }
          ],
          "carpet": [
           {
            "aaxis": {
             "endlinecolor": "#A2B1C6",
             "gridcolor": "#506784",
             "linecolor": "#506784",
             "minorgridcolor": "#506784",
             "startlinecolor": "#A2B1C6"
            },
            "baxis": {
             "endlinecolor": "#A2B1C6",
             "gridcolor": "#506784",
             "linecolor": "#506784",
             "minorgridcolor": "#506784",
             "startlinecolor": "#A2B1C6"
            },
            "type": "carpet"
           }
          ],
          "choropleth": [
           {
            "colorbar": {
             "outlinewidth": 0,
             "ticks": ""
            },
            "type": "choropleth"
           }
          ],
          "contour": [
           {
            "colorbar": {
             "outlinewidth": 0,
             "ticks": ""
            },
            "colorscale": [
             [
              0,
              "#0d0887"
             ],
             [
              0.1111111111111111,
              "#46039f"
             ],
             [
              0.2222222222222222,
              "#7201a8"
             ],
             [
              0.3333333333333333,
              "#9c179e"
             ],
             [
              0.4444444444444444,
              "#bd3786"
             ],
             [
              0.5555555555555556,
              "#d8576b"
             ],
             [
              0.6666666666666666,
              "#ed7953"
             ],
             [
              0.7777777777777778,
              "#fb9f3a"
             ],
             [
              0.8888888888888888,
              "#fdca26"
             ],
             [
              1,
              "#f0f921"
             ]
            ],
            "type": "contour"
           }
          ],
          "contourcarpet": [
           {
            "colorbar": {
             "outlinewidth": 0,
             "ticks": ""
            },
            "type": "contourcarpet"
           }
          ],
          "heatmap": [
           {
            "colorbar": {
             "outlinewidth": 0,
             "ticks": ""
            },
            "colorscale": [
             [
              0,
              "#0d0887"
             ],
             [
              0.1111111111111111,
              "#46039f"
             ],
             [
              0.2222222222222222,
              "#7201a8"
             ],
             [
              0.3333333333333333,
              "#9c179e"
             ],
             [
              0.4444444444444444,
              "#bd3786"
             ],
             [
              0.5555555555555556,
              "#d8576b"
             ],
             [
              0.6666666666666666,
              "#ed7953"
             ],
             [
              0.7777777777777778,
              "#fb9f3a"
             ],
             [
              0.8888888888888888,
              "#fdca26"
             ],
             [
              1,
              "#f0f921"
             ]
            ],
            "type": "heatmap"
           }
          ],
          "heatmapgl": [
           {
            "colorbar": {
             "outlinewidth": 0,
             "ticks": ""
            },
            "colorscale": [
             [
              0,
              "#0d0887"
             ],
             [
              0.1111111111111111,
              "#46039f"
             ],
             [
              0.2222222222222222,
              "#7201a8"
             ],
             [
              0.3333333333333333,
              "#9c179e"
             ],
             [
              0.4444444444444444,
              "#bd3786"
             ],
             [
              0.5555555555555556,
              "#d8576b"
             ],
             [
              0.6666666666666666,
              "#ed7953"
             ],
             [
              0.7777777777777778,
              "#fb9f3a"
             ],
             [
              0.8888888888888888,
              "#fdca26"
             ],
             [
              1,
              "#f0f921"
             ]
            ],
            "type": "heatmapgl"
           }
          ],
          "histogram": [
           {
            "marker": {
             "pattern": {
              "fillmode": "overlay",
              "size": 10,
              "solidity": 0.2
             }
            },
            "type": "histogram"
           }
          ],
          "histogram2d": [
           {
            "colorbar": {
             "outlinewidth": 0,
             "ticks": ""
            },
            "colorscale": [
             [
              0,
              "#0d0887"
             ],
             [
              0.1111111111111111,
              "#46039f"
             ],
             [
              0.2222222222222222,
              "#7201a8"
             ],
             [
              0.3333333333333333,
              "#9c179e"
             ],
             [
              0.4444444444444444,
              "#bd3786"
             ],
             [
              0.5555555555555556,
              "#d8576b"
             ],
             [
              0.6666666666666666,
              "#ed7953"
             ],
             [
              0.7777777777777778,
              "#fb9f3a"
             ],
             [
              0.8888888888888888,
              "#fdca26"
             ],
             [
              1,
              "#f0f921"
             ]
            ],
            "type": "histogram2d"
           }
          ],
          "histogram2dcontour": [
           {
            "colorbar": {
             "outlinewidth": 0,
             "ticks": ""
            },
            "colorscale": [
             [
              0,
              "#0d0887"
             ],
             [
              0.1111111111111111,
              "#46039f"
             ],
             [
              0.2222222222222222,
              "#7201a8"
             ],
             [
              0.3333333333333333,
              "#9c179e"
             ],
             [
              0.4444444444444444,
              "#bd3786"
             ],
             [
              0.5555555555555556,
              "#d8576b"
             ],
             [
              0.6666666666666666,
              "#ed7953"
             ],
             [
              0.7777777777777778,
              "#fb9f3a"
             ],
             [
              0.8888888888888888,
              "#fdca26"
             ],
             [
              1,
              "#f0f921"
             ]
            ],
            "type": "histogram2dcontour"
           }
          ],
          "mesh3d": [
           {
            "colorbar": {
             "outlinewidth": 0,
             "ticks": ""
            },
            "type": "mesh3d"
           }
          ],
          "parcoords": [
           {
            "line": {
             "colorbar": {
              "outlinewidth": 0,
              "ticks": ""
             }
            },
            "type": "parcoords"
           }
          ],
          "pie": [
           {
            "automargin": true,
            "type": "pie"
           }
          ],
          "scatter": [
           {
            "marker": {
             "line": {
              "color": "#283442"
             }
            },
            "type": "scatter"
           }
          ],
          "scatter3d": [
           {
            "line": {
             "colorbar": {
              "outlinewidth": 0,
              "ticks": ""
             }
            },
            "marker": {
             "colorbar": {
              "outlinewidth": 0,
              "ticks": ""
             }
            },
            "type": "scatter3d"
           }
          ],
          "scattercarpet": [
           {
            "marker": {
             "colorbar": {
              "outlinewidth": 0,
              "ticks": ""
             }
            },
            "type": "scattercarpet"
           }
          ],
          "scattergeo": [
           {
            "marker": {
             "colorbar": {
              "outlinewidth": 0,
              "ticks": ""
             }
            },
            "type": "scattergeo"
           }
          ],
          "scattergl": [
           {
            "marker": {
             "line": {
              "color": "#283442"
             }
            },
            "type": "scattergl"
           }
          ],
          "scattermapbox": [
           {
            "marker": {
             "colorbar": {
              "outlinewidth": 0,
              "ticks": ""
             }
            },
            "type": "scattermapbox"
           }
          ],
          "scatterpolar": [
           {
            "marker": {
             "colorbar": {
              "outlinewidth": 0,
              "ticks": ""
             }
            },
            "type": "scatterpolar"
           }
          ],
          "scatterpolargl": [
           {
            "marker": {
             "colorbar": {
              "outlinewidth": 0,
              "ticks": ""
             }
            },
